input	filtered	denoisedF	denoisedR	merged	nonchim
SRR12673024	157111	128604	127661	127626	114271	103989
SRR12673023	142583	120001	118120	118335	104427	96754
SRR12673022	141666	116818	116269	115878	105848	100850
SRR12673021	173905	138887	138370	137912	125929	122593
SRR12673020	179126	147155	146383	146092	133685	126659
SRR12673019	53400	38535	38329	38105	35361	33197
SRR12673018	113634	83226	82829	82296	76063	69709
SRR12673017	117411	86691	86272	85674	80120	74528
SRR12673016	77119	54311	54003	53511	49465	45475
SRR12673015	74023	55642	55200	54981	51050	47358
SRR12673011	494015	367985	367003	364481	345226	330824
SRR12673014	63098	47855	47332	47034	41845	36981
SRR12673013	64108	48642	47178	47290	39164	35774
SRR12673012	51112	37652	37411	37099	34274	32351
SRR12673010	20060	14558	14485	14262	12975	11976
SRR12673009	79100	60096	59499	59223	53664	46572
SRR12673008	118809	90972	88348	88726	75254	67325
SRR12673007	60527	45209	44640	44312	39993	35443
SRR12673006	80343	59083	58623	58327	54070	47779
SRR12673005	94363	69743	69159	68613	63461	56889
SRR12673000	81582	60934	60533	60174	55969	49979
SRR12673004	69846	52830	52668	52285	49641	48878
SRR12673003	118880	87328	86808	86091	79665	71361
SRR12673002	56226	41965	41670	41508	38272	35025
SRR12673001	74462	55847	55564	55117	51704	46596
SRR12672999	113608	85671	85214	84712	79979	73205
SRR12672998	94556	70938	70632	70128	66345	62131
SRR12672997	73242	56143	56015	55412	53411	52310
SRR12672989	71307	52979	52673	52218	49076	43306
SRR12672978	172460	128966	128114	126986	118590	105946
SRR12672967	50251	37263	37080	36847	34401	31140
SRR12672956	174309	133878	133105	132388	124273	106471
SRR12672945	143080	106648	106336	105563	99858	97425
SRR12672934	104006	78135	77704	77050	71679	62642
SRR12672923	113643	89255	88783	88314	83870	74612
SRR12672912	92032	70913	70423	69916	65381	58157
SRR12672911	175330	136352	135733	134655	127400	114580
SRR12672900	82800	62699	62272	61916	57898	52254
SRR12672889	133055	104472	103711	102531	95579	84777
SRR12672878	117378	90098	89348	88515	82294	73645
SRR12672867	124910	96505	95975	94913	88211	76188
SRR12672860	138538	102443	101928	100848	94448	85880
SRR12672855	145598	110378	109937	109091	102593	91839
SRR12672859	249952	179006	178288	176652	164900	152431
SRR12672858	212298	164064	163505	162741	154560	137688
SRR12672857	98070	73892	73558	73067	68297	60672
SRR12672856	157459	119850	119427	118516	112079	104375
SRR12672854	64193	47113	46723	46530	41893	36527
SRR12672853	116104	86745	86130	85449	79019	71678
SRR12672852	110878	82370	82055	81376	74543	64518
SRR12672851	92802	68972	68507	67920	62051	55443
SRR12672850	219281	164816	163808	162082	150614	139764
SRR12672849	125472	91207	90601	90201	82239	74210
SRR12672848	64909	47888	47403	47307	42502	38315
SRR12672847	349644	260239	259405	257725	242097	225970
SRR12672846	79091	59677	57693	57527	47328	44236
SRR12672845	89659	63780	63439	61690	54925	46909
SRR12672844	53852	38717	38325	38233	34207	29183
SRR12672843	67641	50905	50536	50079	45674	41965
SRR12672842	32825	23686	23552	23337	20936	19635
SRR12672841	110675	75025	74217	74056	63845	55122
SRR12672840	89141	65874	63981	63827	52842	48814
SRR12672839	81772	57323	56946	56384	50508	46377
SRR12672838	68592	49619	49056	48799	42782	38156
SRR12672837	88689	65825	65509	64520	60634	57289
SRR12672836	35880	27389	27298	27113	25385	23335
SRR12672835	107907	83355	82974	81620	77786	73747
SRR12672833	92763	73066	72734	72163	68655	64153
SRR12672834	63847	49211	49016	48233	45799	42565
SRR12672832	61436	48539	48329	47354	45466	43658
SRR12672831	54216	41236	40525	40487	35880	34021
SRR12672830	152294	121661	121295	119261	114004	107921
SRR12672829	161925	128114	127754	126492	121231	112051
SRR12672828	166460	126277	125827	124559	116803	104960
SRR12672827	149350	106870	106451	105183	96504	88975
SRR12672826	211110	162437	161711	160728	151721	131652
SRR12672825	213753	148783	148179	147112	133920	125924
SRR12672822	223548	167286	166420	165397	152979	135435
SRR12672824	266386	200510	197703	196327	177159	164559
SRR12672823	244294	185445	184540	182379	172072	154077
SRR12672821	111750	85092	84588	83318	78039	70613
SRR12672820	60628	47131	46872	46478	43577	38230
SRR12672819	165391	130730	130256	129388	122600	111537
SRR12672818	121738	95457	95217	94386	90997	87680
SRR12672817	38918	30035	29899	29723	27975	25669
SRR12672816	287386	215780	214433	213199	199305	184308
SRR12672815	145941	112240	111525	110652	103407	92331
SRR12672811	195608	141185	140734	139748	129483	120600
SRR12672814	86760	66846	66454	66013	62302	61091
SRR12672813	187719	146432	145878	144434	136401	126104
SRR12672812	161469	126187	125805	124572	118796	110208
SRR12672810	323711	251770	250881	249074	238267	220924
SRR12672809	329134	262039	261442	259798	251329	230369
SRR12672808	271111	212940	212046	210992	201313	185303
SRR12672807	411465	319817	318629	317469	303869	280757
SRR12672806	202508	178000	177149	176273	165901	153684
SRR12672805	155468	133444	132757	132376	123578	115470
SRR12672800	176272	152944	151897	151732	140715	126687
SRR12672804	248585	186465	185660	184152	171952	149792
SRR12672803	172757	154285	152895	153048	140558	123516
SRR12672802	168237	150198	149533	149239	141274	133095
SRR12672801	161063	142149	141260	141268	131682	116248
SRR12672799	162892	136302	135603	135373	123814	110198
SRR12672798	205539	181490	180690	179942	166439	148240
SRR12672797	179336	159409	158015	158153	144276	131584
SRR12672796	161387	137895	136859	136497	124424	110383
SRR12672795	176229	140764	139428	139202	122184	105601
SRR12672794	162588	140656	140102	139780	129960	120715
SRR12672793	165009	142022	141206	141188	130175	114053
SRR12672792	59940	44742	44621	44158	42067	41719
SRR12672791	167627	143737	143011	142833	131723	115489
SRR12672790	168628	142770	142118	142097	130016	110922
SRR12672789	175790	145712	145111	144774	132008	115232
SRR12672788	172482	143591	142720	142430	130872	124569
SRR12672787	187331	142928	142469	142250	127022	120982
SRR12672786	178148	143095	142301	142036	128176	121487
SRR12672785	158764	129140	128372	128144	115259	104604
SRR12672784	221437	182451	179929	180361	158039	145401
SRR12672783	158802	123516	122503	122410	107358	93612
SRR12672782	158637	126173	125369	125154	111380	97940
SRR12672781	120438	88676	87930	87557	81449	79713
SRR12672780	179530	130448	129612	128744	116949	101010
SRR12672779	155457	115201	112634	112949	95708	83779
