16213829
16213828
16213827
16213826
16213825
16213824
16213823
16213822
16213821
16213820
16213819
16213818
16213817
16213816
16213815
16213814
16213813
16213812
16213811
16213810
16213809
16213808
16213807
16213806
16213805
16213804
16213803
16213802
16213801
16213800
16213799
16213798
16213797
16213796
16213795
16213794
16213793
16213792
16213791
16213790
16213789
16213788
16213787
16213786
16213785
16213784
16213783
16213782
16213781
16213780
16213779
16213778
16213777
16213776
16213775
16213774
16213773
16213772
16213771
16213770
16213769
16213768
16213767
16213766
16213765
16213764
16213763
16213762
16213761
16213760
16213759
16213758
16213757
16213756
16213755
16213754
16213753
16213752
16213751
16213750
16213749
16213748
16213747
16213746
16213745
16213744
16213743
16213742
16213741
16213740
16213739
16213738
16213737
16213736
16213735
16213734
16213733
16213732
16213731
16213730
16213729
16213728
16213727
16213726
16213725
16213724
16213723
16213722
16213721
16213720
16213719
16213718
16213717
16213716
16213715
16213714
16213713
16213712
16213711
16213710
16213709
16213708
16213707
16213706
16213705
16213704
16213703
16213702
16213701
16213700
16213699
16213698
16213697
16213696
16213695
16213694
16213693
16213692
16213691
16213690
16213689
16213688
16213687
16213686
16213685
16213684
16213683
16213682
16213681
16213680
16213679
16213678
16213677
16213676
16213675
16213674
16213673
16213672
16213671
16213670
16213669
16213668
16213667
16213666
16213665
16213664
16213663
16213662
16213661
16213660
16213659
16213658
16213657
16213656
16213655
16213654
16213653
16213652
16213651
16213650
16213649
16213648
16213647
16213646
16213645
16213644
16213643
16213642
16213641
16213640
16213639
16213638
16213637
16213636
16213635
16213634
16213633
16213632
16213631
16213630
16213629
16213628
16213627
16213626
16213625
16213624
16213623
16213622
16213621
16213620
16213619
16213618
16213617
16213616
16213615
16213614
16213613
16213612
16213611
16213610
16213609
16213608
16213607
16213606
16213605
16213604
16213603
16213602
16213601
16213600
16213599
16213598
16213597
16213596
16213595
16213594
16213593
16213592
16213591
16213590
16213589
16213588
16213587
16213586
16213585
16213584
