input	filtered	denoisedF	denoisedR	merged	nonchim
SRR12672996	224569	198261	197288	196877	184697	150027
SRR12672995	113449	97279	96564	96493	89023	75366
SRR12672994	201095	174575	173520	173311	160135	129154
SRR12672993	259000	226188	223947	224514	204979	167879
SRR12672992	206446	182065	180299	180764	165825	135718
SRR12672991	196067	169813	168858	168295	154730	129562
SRR12672990	263496	231359	229872	228935	204975	174096
SRR12672988	175253	160853	160591	160364	149725	138273
SRR12672987	171333	146177	145562	145111	134619	121430
SRR12672986	244220	202912	201057	200940	179209	143649
SRR12672985	148694	118328	117317	117221	103491	82997
SRR12672984	312942	271532	269535	268985	247305	215983
SRR12672983	235365	192541	190967	190512	169247	135556
SRR12672982	232579	191937	190265	190225	172187	144459
SRR12672981	230126	185977	184184	184170	165969	138181
SRR12672980	210798	166572	165116	165015	148361	121941
SRR12672979	256826	201772	200005	200272	177153	144871
SRR12672977	237624	169691	168635	168270	146345	111233
SRR12672976	201879	150842	149775	149184	130947	104359
SRR12672975	173677	127456	126567	126516	110860	86584
SRR12672974	240441	202605	200921	200364	176377	141568
SRR12672973	200244	156517	155294	155315	136447	108560
SRR12672972	190506	143014	141716	141691	123232	97052
SRR12672971	168042	124909	123919	123875	108147	85997
SRR12672970	217446	175049	172518	172807	150549	125160
SRR12672969	165041	136408	135197	135373	122254	100426
SRR12672968	175112	148534	147418	147441	133845	107515
SRR12672966	265544	236446	234949	234118	212276	173298
SRR12672965	68433	58701	58149	58000	52831	42210
SRR12672964	59917	50709	50174	50054	45490	36630
SRR12672963	52785	43602	43213	43043	38737	31251
SRR12672962	63934	54050	53431	53348	48423	39767
SRR12672961	94553	80688	79856	79783	71871	57532
SRR12672960	34999	30939	30662	30529	27232	20964
SRR12672959	31815	27633	26726	26948	22437	18686
SRR12672958	55482	47576	47165	46988	42475	33876
SRR12672957	55667	49476	49195	48516	43454	33557
SRR12672955	78512	69787	69262	69180	63988	52185
SRR12672954	95554	85033	83000	83685	71229	56770
SRR12672953	179677	161612	160693	159932	147313	121929
SRR12672952	48201	43922	43733	43657	40767	33596
SRR12672951	241178	215722	214609	213830	199730	165262
SRR12672950	48051	43064	42711	42697	39660	32652
SRR12672949	218341	193314	192237	191795	178550	151137
SRR12672948	319623	274918	273156	272703	250558	209329
SRR12672947	128711	112957	112559	112277	105891	91599
SRR12672946	104618	94064	93482	93383	88087	76557
SRR12672944	104521	89193	88642	88524	82190	72355
SRR12672943	78368	69208	68882	68623	64599	58188
SRR12672942	871751	746203	742711	740838	691242	620951
SRR12672941	214294	184642	183643	183062	169214	146246
SRR12672940	289837	262327	261793	261061	249343	228426
SRR12672939	382218	341683	340083	339251	319762	274279
SRR12672938	111269	96034	95327	94900	87007	74126
SRR12672937	183472	166264	165602	165285	156746	129493
SRR12672936	43582	38967	38699	38598	36078	29626
SRR12672935	115199	103958	103460	103171	96792	76333
SRR12672933	54937	47524	47149	47018	43332	36337
SRR12672932	17179	15258	15099	14981	13662	11362
SRR12672931	142575	124188	122689	122302	109985	92711
SRR12672930	29995	25656	25399	25222	22690	19003
SRR12672929	49967	42309	41916	41814	37721	31560
SRR12672928	160461	136268	135126	134744	122660	101849
SRR12672927	67730	56582	56151	56091	51002	39739
SRR12672926	170778	143266	141854	141589	128279	104326
SRR12672925	72829	61451	60886	60713	54731	44181
SRR12672924	240417	191244	188871	189113	162138	127277
SRR12672922	35928	30801	30433	30391	27097	22540
SRR12672921	260434	212384	210707	209906	187257	148941
SRR12672920	31086	25746	25459	25354	22279	18232
SRR12672919	72195	62376	61639	61541	55464	47107
SRR12672918	133192	108365	107609	107339	97069	80017
SRR12672917	122212	104156	103252	103282	94091	77878
SRR12672916	255886	208717	203005	203483	165311	139364
SRR12672915	124088	107740	107083	105763	96591	79846
SRR12672914	60236	52348	51960	51936	47777	40498
SRR12672913	84666	71981	71056	70796	62493	54563
SRR12672910	65626	54960	54641	54424	49536	44204
SRR12672909	144577	112403	111164	111327	96968	75040
SRR12672908	82896	68714	67092	67274	56217	48896
SRR12672907	140012	120534	119888	119275	109212	88887
SRR12672906	105542	86959	85975	85975	74439	58728
SRR12672905	61118	54024	53788	53480	50801	45645
SRR12672904	120715	107699	107198	106607	101466	87687
SRR12672903	73415	65325	64983	64836	60831	51264
SRR12672902	219786	198005	197361	196123	188185	161855
SRR12672901	109692	99408	99137	98088	94595	87535
SRR12672899	58129	49412	48981	48946	44696	39342
SRR12672898	61801	57780	57584	57270	54828	45036
SRR12672897	57224	53186	53018	52846	51266	45086
SRR12672896	153358	139021	138612	137954	130815	110273
SRR12672895	264514	228982	228209	227354	211252	180911
SRR12672894	76809	70469	69953	70137	66402	53275
SRR12672893	118204	105729	105216	105095	98175	77783
SRR12672892	143681	127452	126771	126321	116993	92942
SRR12672891	164071	149131	148568	148092	140619	113120
SRR12672890	327052	295121	294109	292808	273945	215478
SRR12672888	158547	145042	144744	144235	135951	112843
SRR12672887	282175	259497	258969	258104	242744	206075
SRR12672886	232216	215025	214554	213968	202487	161879
SRR12672885	195290	175965	174878	174490	162076	132284
SRR12672884	237738	204493	203051	202345	186655	159401
SRR12672883	233838	209163	207840	206696	191715	162947
SRR12672882	275606	245415	243944	243130	225701	193230
SRR12672881	400855	360475	359065	357017	333837	290916
SRR12672880	404927	369564	368758	367172	342814	306053
SRR12672879	377348	339374	338081	336806	316292	280109
SRR12672877	174477	158800	157817	157440	147275	122204
SRR12672876	259356	239204	238665	238018	224471	200934
SRR12672875	120371	105517	104823	104760	97884	83288
SRR12672874	489223	425759	422251	420941	387484	324611
SRR12672873	93137	81517	81154	80862	74804	63388
SRR12672872	71621	62445	62081	61993	56945	47342
SRR12672871	145739	128113	127532	127013	117135	101797
SRR12672870	243606	209629	208328	207524	191554	169571
SRR12672869	148198	126040	125127	124747	114399	95544
SRR12672868	83238	67822	67337	67123	61320	50890
SRR12672866	73672	61334	60970	60806	55896	46625
SRR12672865	89078	71030	70477	70476	63019	49580
SRR12672864	52764	43628	43204	43072	38420	31296
SRR12672863	35937	29165	28905	28876	25919	21284
SRR12672862	107971	89274	88551	88317	79405	63862
SRR12672861	221130	184348	179477	181122	147620	121151
